0.090
0.100
0.110
0.130
0.150
0.140
0.150
0.150
0.190
2.110
1.529
1.525
1.560
1.428
1.969
1.940
2.118
2.257
2.273
2.873
3.155
3.121
3.572
3.298
3.377
2.805
4.329
3.970
4.191
3.955
5.192
5.556
5.445
5.370
5.420
3.900
7.240
6.710
6.540
7.050
5.100
11.900
11.600
11.140
12.160
7.440
19.460
16.590
18.510
19.800
28.240
27.220
26.320
26.380
27.420
26.690
26.830
26.940
25.960
27.440
25.400
25.110
24.850
26.870
26.550
26.150
25.710
26.110
25.440
25.550
25.580
24.850
24.490
24.380
24.310
25.890
26.460
26.730
25.490
25.780
26.090
24.890
24.890
24.990
23.810
24.460
23.950
32.060
58.650
