pSize: 10
gen: 500
memorySetSizen: 4
betaCoeff: 1.8
clonePop: 18
arraySize: 28
regQty: 1
seed: 
	1742663543 282458196 1307339374 1694900600 818280131 1309855431 1787134434 197227832 11853489 1049998140 1107736507 610081206 2063461011 808617374 745740906 1956233730 1495636073 645055039 384679637 167654453 517171571 428904082 1156022008 435024938 1056737937 1430928101 1529480105 259828388 549459728 1792009712 
clonesPerI: 
	10 5 2 1 

Instancia;avgTime;avgCost;bestTime;bestCost
S9;0.016290;1183.500000;0.013577;1181.500000;0.000000
S9H;0.014019;2295.600000;0.013164;2294.500000;0.000000
S10;0.020172;1376.966667;0.018233;1374.500000;0.000000
