1181.5
2294.5
1374.5
3439.5
1529.0
1609.5
2467.5
2870.0
3195.0
2302.0
18595.5
12114.0
24192.5
7819.0
4115.0
10779.5
22702.0
28401.5
57400.0
30282.5
33974.0
35052.5
34666.5
30771.0
34424.5
4966.0
87390.0
50084.5
46737.5
44488.5
53722.5
48908.0
39250.5
38354.0
51496.0
12731.0
108006.5
86644.5
68701.0
124017.5
20470.0
208058.0
162182.0
118246.5
332836.0
31972.0
248219.0
85184.0
156646.0
296176.5
159643.0
204089.0
193199.5
161475.5
135133.5
159114.0
158967.5
110493.5
115302.0
114137.0
108117.0
109908.5
91619.0
445377.5
407890.5
416912.5
313304.0
320758.5
363020.5
273420.0
269680.5
295419.0
227896.0
246523.0
206486.5
628850.0
561170.5
587816.5
474046.0
479963.0
512452.0
479683.0
445030.0
495052.5
385430.5
344775.0
411205.0
250870.5
2109745.5
