pSize: 100
gen: 500
nClonalSelection: 10
betaCoeff: 0.2
clonePop: 56
arraySize: 156
regQty: 40
seed: 
	1804289383 846930886 1681692777 1714636915 1957747793 424238335 719885386 1649760492 596516649 1189641421 1025202362 1350490027 783368690 1102520059 2044897763 1967513926 1365180540 1540383426 304089172 1303455736 35005211 521595368 294702567 1726956429 336465782 861021530 278722862 233665123 2145174067 468703135 
clonesPerI: 
	20 10 6 5 4 3 2 2 2 2 

Instancia;avgTime;avgCost;bestTime;bestCost
S9;0.028525;1187.166667;0.027413;1181.500000;0.000000
S9H;0.028073;2296.100000;0.027629;2294.500000;0.000000
S10;0.029341;1388.200000;0.028862;1374.500000;0.000000
S11;0.030837;3530.133333;0.030499;3439.500000;0.000000
Am12a;0.032525;1572.733333;0.031866;1539.000000;0.654022
Am12b;0.033087;1684.133333;0.031759;1609.500000;0.000000
Am13a;0.034952;2489.633333;0.034184;2467.500000;0.000000
Am13b;0.034211;2908.233333;0.033392;2870.000000;0.000000
Am15;0.037036;3301.166667;0.036517;3214.000000;0.594679
N25_01.txt;0.055092;2361.100000;0.053924;2302.000000;0.000000
N25_02.txt;0.055284;18988.100000;0.054525;18652.500000;0.306526
N25_03.txt;0.055799;12426.566667;0.055163;12155.000000;0.338451
N25_04.txt;0.055053;24766.700000;0.054441;24305.500000;0.467087
N25_05.txt;0.055203;7979.000000;0.054636;7838.000000;0.242998
N30_01.txt;0.066087;4198.966667;0.064958;4118.000000;0.072904
N30_02.txt;0.066057;11051.866667;0.065383;10817.500000;0.352521
N30_03.txt;0.066053;23217.900000;0.065354;22732.000000;0.132147
N30_04.txt;0.066870;29305.300000;0.065903;28525.500000;0.436597
N30_05.txt;0.066504;58710.133333;0.065725;57851.000000;0.785714
P1.txt;0.074178;31084.066667;0.073466;30417.500000;0.445802
P2.txt;0.076046;34740.766667;0.074030;34066.000000;0.270795
P3.txt;0.074753;36104.300000;0.073790;35182.500000;0.370872
P4.txt;0.078743;35607.600000;0.078272;34813.500000;0.424041
P5.txt;0.079247;31286.100000;0.078309;30923.000000;0.493972
P6.txt;0.079588;35151.700000;0.078794;34449.500000;0.072623
ste36_01.txt;0.080890;5586.933333;0.080462;5007.000000;0.825614
ste36_02.txt;0.082144;99115.066667;0.081194;90503.000000;3.562192
ste36_03.txt;0.082040;55786.333333;0.081620;51695.500000;3.216564
ste36_04.txt;0.081582;55953.433333;0.081221;49166.500000;5.197112
ste36_05.txt;0.081643;51511.833333;0.081184;45688.500000;2.697326
N40_01.txt;0.092449;55605.900000;0.092180;53958.500000;0.439295
N40_02.txt;0.092162;50201.400000;0.091437;49108.000000;0.408931
N40_03.txt;0.092157;40854.400000;0.091531;39404.500000;0.392352
N40_04.txt;0.092490;39713.500000;0.092157;38492.000000;0.359806
N40_05.txt;0.092301;52848.400000;0.091706;51618.000000;0.236912
QAP_sko42_01_n;0.097621;12912.666667;0.096251;12779.000000;0.377032
QAP_sko42_02_n;0.098226;110034.166667;0.097459;108390.500000;0.355534
QAP_sko42_03_n;0.098197;88022.033333;0.097579;87124.500000;0.553988
QAP_sko42_04_n;0.097796;69598.066667;0.097360;69049.000000;0.506543
QAP_sko42_05_n;0.097775;126515.466667;0.097223;124468.500000;0.363658
QAP_sko49_01_n;0.118197;20841.600000;0.117607;20538.000000;0.332193
QAP_sko49_02_n;0.118448;211593.333333;0.117746;208631.000000;0.275404
QAP_sko49_03_n;0.118888;165283.800000;0.118014;163446.000000;0.779371
QAP_sko49_04_n;0.119142;120599.900000;0.118092;118689.500000;0.374641
QAP_sko49_05_n;0.118755;339694.633333;0.117832;334063.000000;0.368650
QAP_sko56_01_n;0.141234;32742.200000;0.140480;32092.000000;0.375328
QAP_sko56_02_n;0.156908;252874.600000;0.141375;249778.000000;0.628074
QAP_sko56_03_n;0.152247;86810.633333;0.141344;85556.000000;0.436702
QAP_sko56_04_n;0.142449;159347.500000;0.141259;157496.000000;0.542625
QAP_sko56_05_n;0.143766;301498.066667;0.141269;298011.500000;0.619563
AKV_n_60_05;0.176578;164990.800000;0.155523;160548.000000;0.566890
CAP_n_60_d_30_L_30_1.txt;0.181996;214078.633333;0.157609;207199.000000;1.523845
CAP_n_60_d_30_L_30_2.txt;0.162761;199284.633333;0.156113;195738.500000;1.314186
CAP_n_60_d_30_L_30_3.txt;0.156982;168233.800000;0.155295;164382.500000;1.800273
CAP_n_60_d_30_L_40_1.txt;0.161022;139721.166667;0.155575;136546.500000;1.045633
CAP_n_60_d_30_L_40_2.txt;0.157455;164683.266667;0.155561;161159.000000;1.285242
CAP_n_60_d_30_L_40_3.txt;0.159880;164848.566667;0.155835;161814.500000;1.790932
CAP_n_60_d_30_L_50_1.txt;0.157885;115268.000000;0.155206;112288.500000;1.624530
CAP_n_60_d_30_L_50_2.txt;0.156356;121784.133333;0.155413;117765.000000;2.136129
CAP_n_60_d_30_L_50_3.txt;0.158200;119661.500000;0.155401;116408.000000;1.989714
CAP_n_60_d_30_L_60_1.txt;0.159045;112303.400000;0.155181;109623.000000;1.392935
CAP_n_60_d_30_L_60_2.txt;0.157239;113638.100000;0.155276;110580.500000;0.611418
CAP_n_60_d_30_L_60_3.txt;0.157415;95153.300000;0.155873;93343.000000;1.881706
CAP_n_60_d_60_L_30_1.txt;0.157753;453980.233333;0.155207;448385.500000;0.675382
CAP_n_60_d_60_L_30_2.txt;0.157644;416245.933333;0.155256;412336.500000;1.089998
CAP_n_60_d_60_L_30_3.txt;0.156450;425983.700000;0.155434;419565.500000;0.636345
CAP_n_60_d_60_L_40_1.txt;0.157127;318887.633333;0.155107;314568.000000;0.403442
CAP_n_60_d_60_L_40_2.txt;0.158771;327379.233333;0.155358;323678.500000;0.910342
CAP_n_60_d_60_L_40_3.txt;0.156900;370783.900000;0.155415;366030.500000;0.829154
CAP_n_60_d_60_L_50_1.txt;0.157889;278876.700000;0.155823;276088.000000;0.975788
CAP_n_60_d_60_L_50_2.txt;0.158524;275009.666667;0.155587;271668.500000;0.737169
CAP_n_60_d_60_L_50_3.txt;0.161355;300318.366667;0.155249;296155.000000;0.249138
CAP_n_60_d_60_L_60_1.txt;0.159900;232102.366667;0.156114;229591.000000;0.743760
CAP_n_60_d_60_L_60_2.txt;0.156476;251078.700000;0.155449;247872.000000;0.547211
CAP_n_60_d_60_L_60_3.txt;0.158160;210037.500000;0.155589;207877.500000;0.673652
CAP_n_60_d_90_L_30_1.txt;0.157003;634706.366667;0.155511;629722.000000;0.138666
CAP_n_60_d_90_L_30_2.txt;0.157766;567228.733333;0.155443;562772.500000;0.285475
CAP_n_60_d_90_L_30_3.txt;0.157193;594358.200000;0.155341;589815.500000;0.340072
CAP_n_60_d_90_L_40_1.txt;0.160903;479607.466667;0.155183;477182.000000;0.661539
CAP_n_60_d_90_L_40_2.txt;0.157732;484952.766667;0.155492;481593.000000;0.339610
CAP_n_60_d_90_L_40_3.txt;0.157241;518899.966667;0.155412;514013.000000;0.304614
CAP_n_60_d_90_L_50_1.txt;0.158030;484702.933333;0.156740;481349.000000;0.347313
CAP_n_60_d_90_L_50_2.txt;0.157253;449656.566667;0.156202;446623.000000;0.357953
CAP_n_60_d_90_L_50_3.txt;0.156753;500390.833333;0.155965;496574.500000;0.307442
CAP_n_60_d_90_L_60_1.txt;0.155887;389487.600000;0.155115;386490.500000;0.275017
CAP_n_60_d_90_L_60_2.txt;0.156629;349321.166667;0.155202;346399.000000;0.471032
CAP_n_60_d_90_L_60_3.txt;0.157150;414893.900000;0.155154;412680.000000;0.358702
QAP_sko64_05_n;0.170742;256133.766667;0.169887;252839.500000;0.784867
AKV_n_70_05;0.195782;2138139.566667;0.194612;2115521.500000;0.273777
