pSize: 10
gen: 500
memorySetSizen: 4
betaCoeff: 1.8
clonePop: 18
arraySize: 28
regQty: 1
seed: 
	833355325 1023667162 1143060774 678509341 516117890 807258518 907465576 1903981549 258499470 1719006564 1064211725 1685396796 35696161 1839742547 1041602974 1433631504 1116038512 660188405 1484801626 935683337 779004191 106389824 597540474 1358210183 1386431741 1794146765 27162837 693476324 2007005133 166236768 
clonesPerI: 
	10 5 2 1 

Instancia;avgTime;avgCost;bestTime;bestCost
S9;0.004819;1182.833333;0.004047;1181.500000;0.000000
S9H;0.004404;2295.900000;0.003980;2294.500000;0.000000
S10;0.005151;1377.866667;0.004580;1374.500000;0.000000
S11;0.005775;3487.800000;0.005307;3439.500000;0.000000
Am12a;0.008710;1554.800000;0.006620;1529.000000;0.000000
Am12b;0.008046;1646.800000;0.006929;1609.500000;0.000000
Am13a;0.009990;2489.766667;0.008569;2467.500000;0.000000
Am13b;0.009932;2894.933333;0.008249;2870.000000;0.000000
Am15;0.016735;3341.700000;0.012691;3206.000000;0.344288
N25_01.txt;0.064651;2332.800000;0.057695;2302.000000;0.000000
N25_02.txt;0.092122;18769.900000;0.066003;18595.500000;0.000000
N25_03.txt;0.090970;12220.766667;0.066490;12116.000000;0.016510
N25_04.txt;0.091401;24389.600000;0.064608;24214.500000;0.090937
N25_05.txt;0.090204;7872.766667;0.061877;7819.000000;0.000000
N30_01.txt;0.116779;4152.133333;0.110116;4115.000000;0.000000
