pSize: 10
gen: 500
memorySetSizen: 4
betaCoeff: 1.8
clonePop: 18
arraySize: 28
regQty: 1
seed: 
	1258667732 871018021 1951984128 714452086 278691225 470093037 962395433 1057141616 1591932507 131465677 1438111770 1353889734 1635484998 758327739 1008412312 770990892 1611093943 294818719 1927648668 2114038084 884814539 2141112591 1447952591 438062048 688579068 1462776013 993079652 296967057 1721196461 177095320 
clonesPerI: 
	10 5 2 1 

Instancia;avgTime;avgCost;bestTime;bestCost
S9;0.004533;1183.166667;0.004148;1181.500000;0.000000
