pSize: 10
gen: 500
memorySetSizen: 4
betaCoeff: 1.8
clonePop: 18
arraySize: 28
regQty: 1
seed: 
	47259634 1478987647 1871304217 1597147731 1607766249 33958483 395581626 1044551404 1996463855 920441736 1179359132 2070703265 1113253649 645531174 860662276 1275822456 668614171 1070637776 24393858 2024790136 2050753630 347811377 11200743 1805210071 1742460310 1030306487 1818216384 542605499 633989636 1534416374 
clonesPerI: 
	10 5 2 1 

Instancia;avgTime;avgCost;bestTime;bestCost
S9;0.004634;1182.500000;0.004075;1181.500000;0.000000
S9H;0.004465;2295.900000;0.004058;2294.500000;0.000000
S10;0.005469;1377.733333;0.005194;1374.500000;0.000000
S11;0.006424;3487.033333;0.005566;3439.500000;0.000000
Am12a;0.008818;1550.766667;0.006688;1529.000000;0.000000
