pSize: 10
gen: 500
memorySetSizen: 9
betaCoeff: 0.2
clonePop: 10
arraySize: 20
regQty: 1
seed: 
	1431799629 1251297187 505735646 169860480 1106097326 778824909 83647562 1963567466 23242405 1489751091 911334954 1881853610 883213220 795621503 1076356167 1490495355 273163046 2061232102 1270084248 1443283459 2009443339 770528089 830946374 978270406 1260885431 1530342224 1380200690 1848376594 142964033 1868257446 
clonesPerI: 
	2 1 1 1 1 1 1 1 1 

Instancia;avgTime;avgCost;bestTime;bestCost
S9;0.005120;1181.500000;0.004354;1181.500000;0.000000
S9H;0.004273;2294.500000;0.004125;2294.500000;0.000000
S10;0.005279;1374.766667;0.005110;1374.500000;0.000000
S11;0.006337;3445.166667;0.005900;3439.500000;0.000000
Am12a;0.009800;1532.933333;0.008136;1529.000000;0.000000
Am12b;0.008364;1626.700000;0.007799;1609.500000;0.000000
Am13a;0.011342;2468.833333;0.010478;2467.500000;0.000000
Am13b;0.011056;2871.733333;0.010154;2870.000000;0.000000
Am15;0.022652;3201.400000;0.017497;3195.000000;0.000000
N25_01.txt;0.102208;2315.300000;0.093414;2302.000000;0.000000
N25_02.txt;0.145994;18631.233333;0.126860;18595.500000;0.000000
N25_03.txt;0.145806;12150.466667;0.122900;12114.000000;0.000000
N25_04.txt;0.156134;24261.333333;0.133912;24192.500000;0.000000
N25_05.txt;0.134474;7852.033333;0.119249;7819.000000;0.000000
N30_01.txt;0.235180;4117.333333;0.209999;4115.000000;0.000000
N30_02.txt;0.349847;10794.533333;0.288732;10779.500000;0.000000
N30_03.txt;0.354464;22708.933333;0.308163;22702.000000;0.000000
N30_04.txt;0.402013;28437.233333;0.332708;28401.500000;0.000000
N30_05.txt;0.372294;57468.833333;0.309934;57400.000000;0.000000
P1.txt;0.513455;30357.000000;0.445330;30282.500000;0.000000
P2.txt;0.579584;34038.033333;0.473752;33974.000000;0.000000
P3.txt;0.614914;35125.400000;0.478358;35054.500000;0.005706
P4.txt;0.648838;34768.633333;0.558845;34667.500000;0.002885
P5.txt;0.634969;30839.433333;0.583487;30771.000000;0.000000
P6.txt;0.735301;34445.266667;0.593920;34424.500000;0.000000
ste36_01.txt;0.476610;5203.100000;0.435192;4966.000000;0.000000
ste36_02.txt;0.790786;89067.666667;0.658690;87738.000000;0.398215
ste36_03.txt;0.703396;51597.000000;0.564541;50222.500000;0.275534
ste36_04.txt;0.761758;47438.500000;0.682757;46828.500000;0.194704
ste36_05.txt;0.680187;45386.166667;0.600888;44503.500000;0.033717
N40_01.txt;1.454462;53767.600000;1.073695;53730.500000;0.014891
N40_02.txt;1.503422;48945.666667;1.221807;48908.000000;0.000000
N40_03.txt;1.426883;39270.433333;1.194379;39250.500000;0.000000
N40_04.txt;1.621273;38428.966667;1.270253;38355.000000;0.002607
N40_05.txt;1.374403;51513.633333;1.219825;51500.000000;0.007768
QAP_sko42_01_n;1.105688;12751.633333;1.008837;12731.000000;0.000000
QAP_sko42_02_n;2.041770;108080.933333;1.537911;108024.500000;0.016666
QAP_sko42_03_n;1.775744;86717.333333;1.435584;86648.500000;0.004617
QAP_sko42_04_n;1.624970;68837.100000;1.430961;68726.000000;0.036390
QAP_sko42_05_n;1.867400;124174.800000;1.465974;124018.500000;0.000806
QAP_sko49_01_n;2.302354;20546.233333;2.129844;20470.000000;0.000000
QAP_sko49_02_n;3.873714;208502.166667;3.005259;208104.000000;0.022109
QAP_sko49_03_n;3.664111;162653.600000;3.162713;162207.000000;0.015415
QAP_sko49_04_n;3.792486;118428.000000;3.161367;118263.500000;0.014377
QAP_sko49_05_n;3.580881;333942.000000;2.828711;332879.000000;0.012919
QAP_sko56_01_n;4.436259;32002.666667;4.056901;31972.000000;0.000000
QAP_sko56_02_n;7.118029;249037.233333;5.890988;248239.000000;0.008057
QAP_sko56_03_n;6.828476;85393.466667;5.430311;85200.000000;0.018783
QAP_sko56_04_n;7.054527;156802.566667;6.059277;156652.000000;0.003830
QAP_sko56_05_n;7.844428;296694.300000;6.296758;296229.500000;0.017895
AKV_n_60_05;9.138744;159768.000000;8.285367;159704.000000;0.038210
CAP_n_60_d_30_L_30_1.txt;10.576417;204927.966667;8.545132;204105.000000;0.007840
CAP_n_60_d_30_L_30_2.txt;9.962078;194201.766667;8.297820;193266.500000;0.034679
CAP_n_60_d_30_L_30_3.txt;10.159419;162724.966667;8.866895;161518.500000;0.026629
CAP_n_60_d_30_L_40_1.txt;10.553740;135830.766667;8.693796;135192.500000;0.043661
CAP_n_60_d_30_L_40_2.txt;10.468504;160121.766667;8.555581;159167.000000;0.033309
CAP_n_60_d_30_L_40_3.txt;10.633299;159935.566667;8.548500;158999.500000;0.020130
CAP_n_60_d_30_L_50_1.txt;9.990799;111195.166667;8.659981;110524.500000;0.028056
CAP_n_60_d_30_L_50_2.txt;10.137328;115923.033333;8.826425;115376.000000;0.064179
CAP_n_60_d_30_L_50_3.txt;9.029239;114667.100000;7.714588;114168.000000;0.027160
CAP_n_60_d_30_L_60_1.txt;11.063567;108341.533333;8.803333;108132.000000;0.013874
CAP_n_60_d_30_L_60_2.txt;9.164562;110498.400000;7.542693;109983.500000;0.068239
CAP_n_60_d_30_L_60_3.txt;9.742326;92351.066667;8.272304;91685.000000;0.072037
CAP_n_60_d_60_L_30_1.txt;10.682955;446320.600000;8.991115;445404.500000;0.006062
CAP_n_60_d_60_L_30_2.txt;9.746580;409662.200000;7.887497;407902.500000;0.002942
CAP_n_60_d_60_L_30_3.txt;10.637019;417805.766667;9.254439;416947.500000;0.008395
CAP_n_60_d_60_L_40_1.txt;10.150644;313893.633333;8.635404;313343.000000;0.012448
CAP_n_60_d_60_L_40_2.txt;10.705149;321511.633333;8.601595;320772.500000;0.004365
CAP_n_60_d_60_L_40_3.txt;10.838544;364249.633333;8.247241;363071.500000;0.014049
CAP_n_60_d_60_L_50_1.txt;11.261214;274071.633333;8.881620;273440.000000;0.007315
CAP_n_60_d_60_L_50_2.txt;9.747376;270139.566667;7.994515;269714.500000;0.012608
CAP_n_60_d_60_L_50_3.txt;9.139044;295891.200000;7.438311;295424.000000;0.001693
CAP_n_60_d_60_L_60_1.txt;9.884260;227992.566667;8.734131;227909.000000;0.005704
CAP_n_60_d_60_L_60_2.txt;10.310824;246922.666667;8.805099;246561.000000;0.015414
CAP_n_60_d_60_L_60_3.txt;10.276301;206983.333333;8.322667;206495.500000;0.004359
CAP_n_60_d_90_L_30_1.txt;11.372876;629027.333333;9.063880;628859.000000;0.001431
CAP_n_60_d_90_L_30_2.txt;11.037629;561673.633333;9.130224;561170.500000;0.000000
CAP_n_60_d_90_L_30_3.txt;11.523960;587893.900000;9.148874;587816.500000;0.000000
CAP_n_60_d_90_L_40_1.txt;10.588490;474668.166667;8.457484;474074.000000;0.005907
CAP_n_60_d_90_L_40_2.txt;10.859538;480387.833333;8.232750;479976.000000;0.002709
CAP_n_60_d_90_L_40_3.txt;10.845686;512836.633333;7.986000;512474.000000;0.004293
CAP_n_60_d_90_L_50_1.txt;10.334672;479994.166667;8.400311;479706.000000;0.004795
CAP_n_60_d_90_L_50_2.txt;10.392229;445566.366667;7.598226;445054.000000;0.005393
CAP_n_60_d_90_L_50_3.txt;10.617837;495575.366667;8.354394;495068.500000;0.003232
CAP_n_60_d_90_L_60_1.txt;9.994734;385730.000000;7.858373;385435.500000;0.001297
CAP_n_60_d_90_L_60_2.txt;10.797239;345132.600000;7.573969;344776.000000;0.000290
CAP_n_60_d_90_L_60_3.txt;8.926119;411423.300000;8.145570;411248.000000;0.010457
QAP_sko64_05_n;14.236703;251744.266667;11.108939;250873.500000;0.001196
AKV_n_70_05;17.929319;2110474.533333;15.444588;2109900.500000;0.007347
