pSize: 100
gen: 500
nClonalSelection: 10
betaCoeff: 0.2
clonePop: 56
arraySize: 156
regQty: 40
seed: 
	1804289383 846930886 1681692777 1714636915 1957747793 424238335 719885386 1649760492 596516649 1189641421 1025202362 1350490027 783368690 1102520059 2044897763 1967513926 1365180540 1540383426 304089172 1303455736 35005211 521595368 294702567 1726956429 336465782 861021530 278722862 233665123 2145174067 468703135 
clonesPerI: 
	20 10 6 5 4 3 2 2 2 2 

Instancia;avgTime;avgCost;bestTime;bestCost
S9;0.015747;1188.500000;0.014886;1181.500000;0.000000
S9H;0.015287;2299.000000;0.014995;2294.500000;0.000000
S10;0.016911;1382.866667;0.016302;1374.500000;0.000000
S11;0.018292;3530.200000;0.017605;3439.500000;0.000000
Am12a;0.019604;1566.333333;0.018882;1539.000000;0.654022
Am12b;0.019657;1693.266667;0.019200;1651.500000;2.609506
Am13a;0.021179;2508.233333;0.020261;2467.500000;0.000000
Am13b;0.020522;2911.866667;0.020173;2870.000000;0.000000
Am15;0.023561;3344.733333;0.023241;3214.000000;0.594679
N25_01.txt;0.041565;2368.300000;0.040966;2315.000000;0.564726
N25_02.txt;0.042639;18997.866667;0.041471;18678.500000;0.446345
N25_03.txt;0.043629;12418.000000;0.043273;12174.000000;0.495295
N25_04.txt;0.042861;24791.100000;0.041463;24243.500000;0.210809
N25_05.txt;0.042722;7978.266667;0.040892;7819.000000;0.000000
N30_01.txt;0.053892;4195.166667;0.053501;4119.000000;0.097205
N30_02.txt;0.053293;11103.400000;0.052227;10847.500000;0.630827
N30_03.txt;0.052654;23321.900000;0.052083;22739.000000;0.162981
N30_04.txt;0.054313;29282.700000;0.052927;28572.500000;0.602081
N30_05.txt;0.053760;58931.733333;0.052468;57494.000000;0.163763
P1.txt;0.060640;30978.433333;0.059981;30431.500000;0.492033
P2.txt;0.061403;34755.600000;0.060620;34183.000000;0.615176
P3.txt;0.061462;35976.866667;0.060784;35209.500000;0.447900
P4.txt;0.065875;35493.533333;0.065388;34771.500000;0.302886
P5.txt;0.066662;31357.000000;0.065780;30944.000000;0.562218
P6.txt;0.066574;35166.966667;0.065574;34424.500000;0.000000
ste36_01.txt;0.067955;5691.700000;0.067473;5237.000000;5.457108
ste36_02.txt;0.069164;98502.666667;0.068531;90058.000000;3.052981
ste36_03.txt;0.069084;56472.033333;0.067999;51570.500000;2.966986
ste36_04.txt;0.068599;54870.800000;0.068129;49709.500000;6.358919
ste36_05.txt;0.069414;51327.900000;0.068216;46844.500000;5.295751
N40_01.txt;0.080161;55188.733333;0.079053;53800.500000;0.145191
N40_02.txt;0.079474;50675.966667;0.078602;49044.000000;0.278073
N40_03.txt;0.080148;40727.566667;0.079439;39432.500000;0.463688
N40_04.txt;0.079758;39359.533333;0.078626;38454.000000;0.260729
N40_05.txt;0.078728;53078.000000;0.078432;51566.000000;0.135933
QAP_sko42_01_n;0.084628;12951.400000;0.083799;12745.000000;0.109968
QAP_sko42_02_n;0.100108;110116.066667;0.084530;108310.500000;0.281465
QAP_sko42_03_n;0.098401;88165.133333;0.085036;87047.500000;0.465119
QAP_sko42_04_n;0.097247;69671.533333;0.084775;68937.000000;0.343518
QAP_sko42_05_n;0.103931;126489.233333;0.085279;124327.500000;0.249965
QAP_sko49_01_n;0.112565;20851.266667;0.104698;20515.000000;0.219834
QAP_sko49_02_n;0.113942;212081.766667;0.107026;208804.000000;0.358554
QAP_sko49_03_n;0.120911;165217.200000;0.105060;162460.000000;0.171412
QAP_sko49_04_n;0.116893;120472.300000;0.106074;118492.500000;0.208040
QAP_sko49_05_n;0.111111;339928.300000;0.106053;333355.000000;0.155933
QAP_sko56_01_n;0.130168;32636.533333;0.128166;32044.000000;0.225197
QAP_sko56_02_n;0.132001;253299.900000;0.127986;248781.000000;0.226413
QAP_sko56_03_n;0.138208;86419.700000;0.128553;85674.000000;0.575225
QAP_sko56_04_n;0.143695;158791.133333;0.128491;157256.000000;0.389413
QAP_sko56_05_n;0.132748;302311.400000;0.128029;297511.500000;0.450745
AKV_n_60_05;0.143087;163926.000000;0.142370;160838.000000;0.748545
CAP_n_60_d_30_L_30_1.txt;0.142677;213161.333333;0.142149;208023.000000;1.927590
CAP_n_60_d_30_L_30_2.txt;0.142851;199373.866667;0.142342;195125.500000;0.996897
CAP_n_60_d_30_L_30_3.txt;0.143536;167809.433333;0.142284;164244.500000;1.714811
CAP_n_60_d_30_L_40_1.txt;0.142807;139241.733333;0.142355;136497.500000;1.009372
CAP_n_60_d_30_L_40_2.txt;0.143218;163478.133333;0.142353;160582.000000;0.922609
CAP_n_60_d_30_L_40_3.txt;0.143946;163672.866667;0.142490;160277.500000;0.824068
CAP_n_60_d_30_L_50_1.txt;0.144266;114165.766667;0.142634;111311.500000;0.740315
CAP_n_60_d_30_L_50_2.txt;0.143148;121402.133333;0.142402;116804.000000;1.302666
CAP_n_60_d_30_L_50_3.txt;0.144238;120130.366667;0.142403;115325.000000;1.040854
CAP_n_60_d_30_L_60_1.txt;0.149519;111834.500000;0.142578;109207.000000;1.008167
CAP_n_60_d_30_L_60_2.txt;0.147575;113239.300000;0.142248;111009.500000;1.001742
CAP_n_60_d_30_L_60_3.txt;0.148377;94641.533333;0.142868;92592.000000;1.062007
CAP_n_60_d_60_L_30_1.txt;0.146948;452033.133333;0.142395;447362.500000;0.445689
CAP_n_60_d_60_L_30_2.txt;0.144062;414864.266667;0.142612;409043.500000;0.282674
CAP_n_60_d_60_L_30_3.txt;0.146313;426254.900000;0.142701;418929.500000;0.483795
CAP_n_60_d_60_L_40_1.txt;0.147979;318970.533333;0.143314;314083.000000;0.248640
CAP_n_60_d_60_L_40_2.txt;0.148166;326198.133333;0.143017;321915.500000;0.360708
CAP_n_60_d_60_L_40_3.txt;0.146433;368997.366667;0.142691;365485.500000;0.679025
CAP_n_60_d_60_L_50_1.txt;0.147982;277592.666667;0.143086;274375.000000;0.349279
CAP_n_60_d_60_L_50_2.txt;0.144120;273751.233333;0.142396;270905.500000;0.454241
CAP_n_60_d_60_L_50_3.txt;0.144762;299371.666667;0.142487;296495.000000;0.364228
CAP_n_60_d_60_L_60_1.txt;0.144819;232941.766667;0.142590;228426.000000;0.232562
CAP_n_60_d_60_L_60_2.txt;0.146953;250437.300000;0.142554;247657.000000;0.459998
CAP_n_60_d_60_L_60_3.txt;0.144681;209745.366667;0.142099;207109.500000;0.301715
CAP_n_60_d_90_L_30_1.txt;0.159449;633953.600000;0.142393;629792.000000;0.149797
CAP_n_60_d_90_L_30_2.txt;0.153993;566290.700000;0.142146;562875.500000;0.303829
CAP_n_60_d_90_L_30_3.txt;0.146180;593416.733333;0.142379;588698.500000;0.150047
