pSize: 10
gen: 500
nClonalSelection: 2
betaCoeff: 0.2
clonePop: 3
arraySize: 13
regQty: 2
seed: 
	527048219 934963058 1831829265 278126712 1667802133 1491375114 1541113479 1416841072 568799322 1242586546 1814384874 1293680988 1175406783 614067116 165368780 1836902848 917932726 66137978 700650717 1517921284 1699992605 1795652451 1112489717 1231928911 645418511 180305690 785759345 986061904 332192141 1748972874 
clonesPerI: 
	2 1 

Instancia;avgTime;avgCost;bestTime;bestCost
S9;0.002973;1181.500000;0.002119;1181.500000;0.000000
S9H;0.001938;2294.600000;0.001862;2294.500000;0.000000
S10;0.002914;1376.333333;0.002636;1374.500000;0.000000
S11;0.004031;3455.200000;0.003428;3439.500000;0.000000
Am12a;0.008458;1533.400000;0.005308;1529.000000;0.000000
Am12b;0.005720;1635.900000;0.005077;1609.500000;0.000000
Am13a;0.008451;2469.433333;0.007383;2467.500000;0.000000
Am13b;0.009247;2874.033333;0.007439;2870.000000;0.000000
Am15;0.025925;3207.900000;0.019287;3195.000000;0.000000
N25_01.txt;0.086274;2311.666667;0.079235;2302.000000;0.000000
N25_02.txt;0.140397;18636.500000;0.104729;18595.500000;0.000000
N25_03.txt;0.139196;12151.466667;0.105778;12114.000000;0.000000
N25_04.txt;0.139840;24292.300000;0.103522;24204.500000;0.049602
N25_05.txt;0.131933;7859.433333;0.100219;7819.000000;0.000000
N30_01.txt;0.199502;4122.000000;0.185499;4115.000000;0.000000
N30_02.txt;0.366184;10804.233333;0.246079;10779.500000;0.000000
N30_03.txt;0.306109;22709.866667;0.249335;22702.000000;0.000000
N30_04.txt;0.405483;28446.100000;0.287136;28401.500000;0.000000
N30_05.txt;0.366287;57463.166667;0.258093;57424.000000;0.041812
P1.txt;0.488781;30411.100000;0.368934;30290.500000;0.026418
P2.txt;0.559226;34055.233333;0.390699;33974.000000;0.000000
P3.txt;0.593992;35190.233333;0.369342;35052.500000;0.000000
P4.txt;0.627142;34718.400000;0.484520;34666.500000;0.000000
P5.txt;0.626793;30845.900000;0.446938;30771.000000;0.000000
P6.txt;0.760784;34453.066667;0.514069;34424.500000;0.000000
ste36_01.txt;0.403201;5172.133333;0.370446;4966.000000;0.000000
ste36_02.txt;0.777278;89380.200000;0.565139;87707.000000;0.362742
ste36_03.txt;0.630381;51313.100000;0.503971;50228.500000;0.287514
ste36_04.txt;0.644769;47749.166667;0.512086;46828.500000;0.194704
ste36_05.txt;0.648517;45517.300000;0.466451;44488.500000;0.000000
N40_01.txt;1.293810;53901.333333;0.885932;53727.500000;0.009307
N40_02.txt;1.350610;48959.466667;0.988689;48908.000000;0.000000
N40_03.txt;1.356829;39278.600000;1.009569;39259.500000;0.022930
N40_04.txt;1.426938;38439.700000;0.995456;38354.000000;0.000000
N40_05.txt;1.187588;51518.500000;0.951066;51496.000000;0.000000
QAP_sko42_01_n;0.898771;12784.766667;0.809581;12731.000000;0.000000
QAP_sko42_02_n;2.055565;108104.000000;1.331171;108006.500000;0.000000
QAP_sko42_03_n;1.612926;86926.133333;1.109229;86658.500000;0.016158
QAP_sko42_04_n;1.475867;68879.566667;1.169570;68716.000000;0.021834
QAP_sko42_05_n;1.808189;124397.066667;1.111094;124045.500000;0.022577
QAP_sko49_01_n;1.849698;20536.766667;1.625403;20478.000000;0.039082
QAP_sko49_02_n;3.680011;208816.133333;2.327231;208134.000000;0.036528
QAP_sko49_03_n;3.674250;162697.000000;2.640304;162195.000000;0.008016
QAP_sko49_04_n;3.512222;118488.566667;2.354614;118282.500000;0.030445
QAP_sko49_05_n;2.993998;333758.766667;2.316781;332879.000000;0.012919
QAP_sko56_01_n;3.514541;32071.933333;3.216981;31972.000000;0.000000
QAP_sko56_02_n;6.830674;248869.600000;4.992469;248225.000000;0.002417
QAP_sko56_03_n;6.126716;85432.533333;4.235552;85198.000000;0.016435
QAP_sko56_04_n;6.796211;157022.333333;4.683589;156670.000000;0.015321
QAP_sko56_05_n;7.292716;296824.166667;4.888374;296215.500000;0.013168
AKV_n_60_05;8.032089;159944.733333;6.786780;159678.000000;0.021924
CAP_n_60_d_30_L_30_1.txt;10.006788;205494.833333;7.083144;204161.000000;0.035279
CAP_n_60_d_30_L_30_2.txt;9.102761;194098.000000;6.396344;193214.500000;0.007764
CAP_n_60_d_30_L_30_3.txt;10.209170;163179.100000;6.315972;161538.500000;0.039015
CAP_n_60_d_30_L_40_1.txt;10.083675;135739.233333;7.292856;135201.500000;0.050321
CAP_n_60_d_30_L_40_2.txt;9.503757;159802.666667;6.518157;159130.000000;0.010056
CAP_n_60_d_30_L_40_3.txt;8.954229;160116.966667;6.906861;159019.500000;0.032711
CAP_n_60_d_30_L_50_1.txt;10.034763;111531.633333;6.365907;110555.500000;0.056112
CAP_n_60_d_30_L_50_2.txt;7.986681;116005.133333;6.286149;115315.000000;0.011275
CAP_n_60_d_30_L_50_3.txt;7.583609;114840.800000;6.494969;114177.000000;0.035046
CAP_n_60_d_30_L_60_1.txt;10.434033;108309.366667;7.398225;108124.000000;0.006474
CAP_n_60_d_30_L_60_2.txt;8.146161;110545.500000;6.419390;109936.500000;0.025476
CAP_n_60_d_30_L_60_3.txt;8.913054;92461.566667;6.310822;91752.000000;0.145166
CAP_n_60_d_60_L_30_1.txt;9.712260;446765.400000;6.866363;445425.500000;0.010777
CAP_n_60_d_60_L_30_2.txt;9.916200;409456.066667;6.647654;407901.500000;0.002697
CAP_n_60_d_60_L_30_3.txt;10.262783;417542.666667;6.863708;416959.500000;0.011273
CAP_n_60_d_60_L_40_1.txt;11.437100;314167.066667;7.177244;313356.000000;0.016597
CAP_n_60_d_60_L_40_2.txt;11.418725;321602.966667;7.245597;320771.500000;0.004053
CAP_n_60_d_60_L_40_3.txt;10.979860;364322.233333;6.599522;363078.500000;0.015977
CAP_n_60_d_60_L_50_1.txt;10.784030;273814.100000;6.992496;273452.000000;0.011704
CAP_n_60_d_60_L_50_2.txt;9.349150;270275.766667;6.657244;269703.500000;0.008529
CAP_n_60_d_60_L_50_3.txt;7.853937;296071.900000;5.889251;295436.000000;0.005755
CAP_n_60_d_60_L_60_1.txt;10.298933;228122.666667;6.770224;227915.000000;0.008337
CAP_n_60_d_60_L_60_2.txt;9.793436;247154.866667;7.026203;246568.000000;0.018254
CAP_n_60_d_60_L_60_3.txt;10.230834;206970.366667;6.914826;206508.500000;0.010654
CAP_n_60_d_90_L_30_1.txt;11.901823;629393.966667;7.187580;628867.000000;0.002703
CAP_n_60_d_90_L_30_2.txt;10.437964;561639.700000;6.993661;561194.500000;0.004277
CAP_n_60_d_90_L_30_3.txt;11.087057;587958.466667;7.120312;587817.500000;0.000170
CAP_n_60_d_90_L_40_1.txt;11.087940;475021.933333;6.875134;474071.000000;0.005274
CAP_n_60_d_90_L_40_2.txt;11.024521;480556.633333;7.136798;479975.000000;0.002500
CAP_n_60_d_90_L_40_3.txt;10.769776;513118.100000;7.064125;512464.000000;0.002342
CAP_n_60_d_90_L_50_1.txt;9.141753;480305.666667;6.358168;479702.000000;0.003961
CAP_n_60_d_90_L_50_2.txt;10.664383;445740.533333;6.248717;445041.000000;0.002472
CAP_n_60_d_90_L_50_3.txt;10.364705;495571.666667;5.970016;495059.500000;0.001414
CAP_n_60_d_90_L_60_1.txt;9.849953;385977.866667;5.997137;385430.500000;0.000000
CAP_n_60_d_90_L_60_2.txt;9.214091;345534.233333;6.539172;344791.000000;0.004641
CAP_n_60_d_90_L_60_3.txt;7.766225;411395.200000;5.967955;411218.000000;0.003161
QAP_sko64_05_n;12.804889;251435.400000;9.404229;250872.500000;0.000797
AKV_n_70_05;17.029365;2110678.066667;12.702446;2109743.500000;-0.000095
