pSize: 10
gen: 500
memorySetSizen: 4
betaCoeff: 1.8
clonePop: 18
arraySize: 28
regQty: 1
seed: 
	1113145420 83040234 430379223 826453584 1428132793 604698993 1829576215 504159593 1054561106 1545955250 722665994 368122452 1065128783 868337788 1203251776 385332524 333646916 1196734411 2053849107 1817242324 2111666734 556342542 723875626 291010824 322496893 1067790 139729966 1068990787 594395755 78040367 
clonesPerI: 
	10 5 2 1 

Instancia;avgTime;avgCost;bestTime;bestCost
S9;0.004340;1182.500000;0.003996;1181.500000;0.000000
