pSize: 10
gen: 500
memorySetSizen: 4
betaCoeff: 1.8
clonePop: 18
arraySize: 28
regQty: 1
seed: 
	1268018911 368756186 343393153 117339131 1228183101 2055736605 939177389 1460597587 2097709408 1252164493 81939522 1903340176 146869978 2122610020 307556912 64045195 585045122 656391057 1911479003 1030744206 2048212793 186788367 585345310 1166062731 1464935784 879832543 970608753 794090929 1608609038 680654232 
clonesPerI: 
	10 5 2 1 

Instancia;avgTime;avgCost;bestTime;bestCost
S9;0.004607;1182.833333;0.004139;1181.500000;0.000000
S9H;0.004343;2295.700000;0.004049;2294.500000;0.000000
S10;0.005457;1375.833333;0.004771;1374.500000;0.000000
S11;0.006441;3479.700000;0.005750;3439.500000;0.000000
Am12a;0.009577;1542.366667;0.007162;1529.000000;0.000000
Am12b;0.008135;1643.933333;0.006941;1609.500000;0.000000
Am13a;0.008995;2500.666667;0.008036;2467.500000;0.000000
Am13b;0.008791;2888.000000;0.007888;2870.000000;0.000000
Am15;0.017264;3309.433333;0.011883;3195.000000;0.000000
N25_01.txt;0.064487;2326.533333;0.059544;2302.000000;0.000000
N25_02.txt;0.094650;18686.333333;0.067365;18600.500000;0.026888
N25_03.txt;0.082149;12229.900000;0.068047;12124.000000;0.082549
N25_04.txt;0.091439;24409.466667;0.067759;24201.500000;0.037202
N25_05.txt;0.097956;7894.166667;0.067796;7819.000000;0.000000
N30_01.txt;0.126742;4145.666667;0.117230;4115.000000;0.000000
N30_02.txt;0.204155;10825.633333;0.145829;10780.500000;0.009277
N30_03.txt;0.191445;22944.033333;0.140618;22706.000000;0.017620
N30_04.txt;0.223095;28485.200000;0.166673;28405.500000;0.014084
N30_05.txt;0.209131;57749.200000;0.151031;57400.000000;0.000000
P1.txt;0.287116;30411.833333;0.207502;30282.500000;0.000000
P2.txt;0.301854;34240.933333;0.208760;33974.000000;0.000000
P3.txt;0.328912;35444.466667;0.200825;35054.500000;0.005706
P4.txt;0.366596;34888.500000;0.259149;34670.500000;0.011539
P5.txt;0.314089;30972.666667;0.250067;30781.000000;0.032498
P6.txt;0.375678;34575.400000;0.279724;34429.500000;0.014525
ste36_01.txt;0.264081;5313.033333;0.239511;4966.000000;0.000000
ste36_02.txt;0.504160;91027.300000;0.328264;87915.000000;0.600755
ste36_03.txt;0.405955;51895.166667;0.317410;50378.500000;0.587008
ste36_04.txt;0.446995;49156.633333;0.319509;46833.500000;0.205403
ste36_05.txt;0.385329;46428.233333;0.271975;44674.500000;0.418086
N40_01.txt;0.722007;54269.600000;0.504732;53735.500000;0.024198
N40_02.txt;0.885209;49169.766667;0.496446;48909.000000;0.002045
N40_03.txt;0.695763;39432.266667;0.525885;39264.500000;0.035668
N40_04.txt;0.752482;38656.366667;0.499237;38354.000000;0.000000
N40_05.txt;0.685548;51696.366667;0.536821;51501.000000;0.009709
QAP_sko42_01_n;0.520689;12866.333333;0.492917;12731.000000;0.000000
QAP_sko42_02_n;1.050080;108593.566667;0.575120;108029.500000;0.021295
QAP_sko42_03_n;0.823134;87093.533333;0.608556;86653.500000;0.010387
QAP_sko42_04_n;0.816424;68926.666667;0.595131;68709.000000;0.011645
QAP_sko42_05_n;1.147682;124853.600000;0.628536;124042.500000;0.020158
QAP_sko49_01_n;0.953426;20635.200000;0.857055;20470.000000;0.000000
QAP_sko49_02_n;1.683075;209640.833333;1.244400;208226.000000;0.080747
QAP_sko49_03_n;1.877382;163328.533333;1.186928;162218.000000;0.022197
QAP_sko49_04_n;1.728235;118775.600000;1.297452;118279.500000;0.027908
QAP_sko49_05_n;1.586331;335330.000000;1.181889;332867.000000;0.009314
QAP_sko56_01_n;1.786513;32264.933333;1.640252;31972.000000;0.000000
QAP_sko56_02_n;3.180296;250290.900000;2.301685;248246.000000;0.010877
QAP_sko56_03_n;3.239405;85624.500000;1.922099;85207.000000;0.027000
QAP_sko56_04_n;3.723474;157149.533333;2.390575;156660.000000;0.008937
QAP_sko56_05_n;3.752477;298275.433333;2.130660;296238.500000;0.020933
AKV_n_60_05;4.994801;160557.833333;3.498217;159666.000000;0.014407
CAP_n_60_d_30_L_30_1.txt;4.848016;208140.833333;2.966915;204180.000000;0.044588
CAP_n_60_d_30_L_30_2.txt;4.589172;195322.833333;2.992321;193378.500000;0.092650
CAP_n_60_d_30_L_30_3.txt;4.883017;163968.700000;2.736437;161540.500000;0.040254
CAP_n_60_d_30_L_40_1.txt;4.805226;136298.466667;2.981863;135155.500000;0.016280
CAP_n_60_d_30_L_40_2.txt;4.326770;160609.933333;3.036089;159231.000000;0.073532
CAP_n_60_d_30_L_40_3.txt;3.739249;160922.433333;2.783017;159065.500000;0.061648
CAP_n_60_d_30_L_50_1.txt;4.779886;111819.566667;3.148792;110596.500000;0.093218
CAP_n_60_d_30_L_50_2.txt;4.841168;117593.366667;3.113768;115352.000000;0.043364
CAP_n_60_d_30_L_50_3.txt;4.636984;115913.833333;3.227502;114196.000000;0.051692
CAP_n_60_d_30_L_60_1.txt;5.505360;109033.866667;3.359678;108138.000000;0.019423
CAP_n_60_d_30_L_60_2.txt;4.197028;111041.800000;3.194973;109959.500000;0.046402
CAP_n_60_d_30_L_60_3.txt;4.289917;92805.666667;3.135442;91799.000000;0.196466
CAP_n_60_d_60_L_30_1.txt;4.785668;447255.833333;3.132610;445556.500000;0.040191
CAP_n_60_d_60_L_30_2.txt;4.451791;410577.733333;3.309914;407942.500000;0.012749
CAP_n_60_d_60_L_30_3.txt;5.145435;419433.866667;3.339207;416979.500000;0.016071
CAP_n_60_d_60_L_40_1.txt;5.602274;314447.033333;3.133154;313329.000000;0.007979
CAP_n_60_d_60_L_40_2.txt;5.164997;322344.966667;3.244855;320776.500000;0.005612
CAP_n_60_d_60_L_40_3.txt;5.469002;365107.133333;2.915504;363084.500000;0.017630
CAP_n_60_d_60_L_50_1.txt;5.689230;274814.000000;3.288796;273518.000000;0.035842
CAP_n_60_d_60_L_50_2.txt;4.900007;271099.466667;3.162076;269721.500000;0.015203
CAP_n_60_d_60_L_50_3.txt;3.726451;296849.666667;2.968298;295463.000000;0.014894
CAP_n_60_d_60_L_60_1.txt;4.436409;228971.100000;3.162376;227903.000000;0.003072
CAP_n_60_d_60_L_60_2.txt;4.265364;247347.833333;3.117214;246539.000000;0.006490
CAP_n_60_d_60_L_60_3.txt;4.230017;207413.266667;3.039200;206525.500000;0.018887
CAP_n_60_d_90_L_30_1.txt;5.674591;629555.133333;3.294753;628882.000000;0.005089
CAP_n_60_d_90_L_30_2.txt;4.097721;563043.533333;3.356541;561192.500000;0.003920
CAP_n_60_d_90_L_30_3.txt;5.095253;588367.700000;3.155177;587822.500000;0.001021
CAP_n_60_d_90_L_40_1.txt;4.059921;475676.400000;3.220399;474065.000000;0.004008
CAP_n_60_d_90_L_40_2.txt;4.314517;481080.266667;3.090826;480030.000000;0.013959
CAP_n_60_d_90_L_40_3.txt;4.985073;513756.066667;3.095193;512462.000000;0.001951
CAP_n_60_d_90_L_50_1.txt;3.684567;480883.966667;2.930602;479815.000000;0.027518
CAP_n_60_d_90_L_50_2.txt;5.127261;446175.833333;3.088361;445055.000000;0.005618
CAP_n_60_d_90_L_50_3.txt;4.679623;496371.000000;2.638523;495082.500000;0.006060
CAP_n_60_d_90_L_60_1.txt;4.699079;386669.566667;2.712193;385435.500000;0.001297
CAP_n_60_d_90_L_60_2.txt;4.098674;346110.566667;2.939682;344815.000000;0.011602
CAP_n_60_d_90_L_60_3.txt;3.314009;412136.266667;2.741548;411244.000000;0.009484
QAP_sko64_05_n;5.918236;252775.600000;4.020872;250896.500000;0.010364
AKV_n_70_05;10.053974;2113427.366667;6.095589;2109990.500000;0.011613
